# Datennamhe mit Kamiokanne 3. - 22. Apr. 2018  
#  Kanne 2 Karlsruhe, 1100 V, Trg. 45mv, Doppelpuls > 35 mV

# Run Summary: started 180403-2005  Trun=1623453.2s
#             Ntrig=6517345   Tlife=1574187.2s
#             Nacc=6403821 Ndble=1881

# Nacc, Ndble, Tau, delT(iChan), ... V(iChan)
1539, 1, 2.348,   2.348, 0.451
2407, 2, 11.51,   11.51, 0.162
4673, 3, 14.52,   14.52, 0.185
5278, 4, 0.468,   0.468, 0.123
9338, 5, 3.08,   3.08, 0.533
24586, 6, 13.26,   13.26, 0.236
26349, 7, 1.772,   1.772, 0.146
27585, 8, 13.87,   13.87, 0.482
35565, 9, 13.56,   13.56, 0.0643
38492, 10, 1.496,   1.496, 0.287
45858, 11, 10.14,   10.14, 0.0526
52625, 12, 10.95,   10.95, 0.318
60133, 13, 3.26,   3.26, 0.217
71863, 14, 5.128,   5.128, 0.0994
72330, 15, 14.94,   14.94, 0.361
91578, 16, 1.54,   1.54, 0.142
99043, 17, 4.036,   4.036, 0.181
99903, 18, 0.528,   0.528, 0.127
124251, 19, 8.432,   8.432, 0.111
126922, 20, 0.644,   0.644, 0.244
129105, 21, 5.52,   5.52, 0.0526
131589, 22, 1.752,   1.752, 0.146
133641, 23, 0.192,   0.192, 0.123
137450, 24, 14.54,   14.54, 0.123
139220, 25, 1.728,   1.728, 0.119
140921, 26, 3.564,   3.564, 0.076
148277, 27, 2.748,   2.748, 0.174
148645, 28, 3.94,   3.94, 0.146
153831, 29, 1.328,   1.328, 0.0682
161712, 30, 3.356,   3.356, 0.0487
169789, 31, 6.56,   6.56, 0.111
170588, 32, 11.52,   11.52, 0.0916
173762, 33, 8.832,   8.832, 0.0721
178374, 34, 1.14,   1.14, 0.416
179396, 35, 10.91,   10.91, 0.232
179533, 36, 14.18,   14.18, 0.185
183503, 37, 0.46,   0.46, 0.0604
188339, 38, 0.364,   0.364, 0.0604
196158, 39, 10.34,   10.34, 0.201
203614, 40, 1.312,   1.312, 0.154
205062, 41, 6.848,   6.848, 0.0643
215139, 42, 3.628,   3.628, 0.271
223398, 43, 4.564,   4.564, 0.0682
241989, 44, 0.96,   0.96, 0.0643
249535, 45, 2.536,   2.536, 0.177
252150, 46, 0.732,   0.732, 0.076
255098, 47, 7.86,   7.86, 0.146
256450, 48, 2.008,   2.008, 0.123
260695, 49, 2.128,   2.128, 0.248
263705, 50, 4.844,   4.844, 0.0526
264436, 51, 3.756,   3.756, 0.228
264959, 52, 0.376,   0.376, 0.17
274518, 53, 1.032,   1.032, 0.533
274823, 54, 2.548,   2.548, 0.0682
276492, 55, 1.632,   1.632, 0.0643
301160, 56, 3.508,   3.508, 0.634
304039, 57, 4.456,   4.456, 0.123
334970, 58, 0.256,   0.256, 0.0643
341427, 59, 1.296,   1.296, 0.0526
356415, 60, 2.76,   2.76, 0.0916
366209, 61, 6.872,   6.872, 0.177
383280, 62, 2.216,   2.216, 0.166
387092, 63, 7.46,   7.46, 0.0877
401599, 64, 9.448,   9.448, 0.127
405816, 65, 1.3,   1.3, 0.244
416376, 66, 0.404,   0.404, 0.252
422543, 67, 1.572,   1.572, 0.0526
422755, 68, 2,   2, 0.185
423261, 69, 5.676,   5.676, 0.0955
428115, 70, 0.204,   0.204, 0.0682
451067, 71, 12.24,   12.24, 0.181
454448, 72, 2.512,   2.512, 0.275
456718, 73, 0.456,   0.456, 0.384
461306, 74, 10.94,   10.94, 0.0487
463855, 75, 2.732,   2.732, 0.115
495792, 76, 5.54,   5.54, 0.0799
507507, 77, 2.14,   2.14, 0.0487
508339, 78, 3.388,   3.388, 0.111
512522, 79, 2.96,   2.96, 0.0838
513156, 80, 2.552,   2.552, 0.103
513493, 81, 4.064,   4.064, 0.0487
520006, 82, 0.58,   0.58, 0.0916
525821, 83, 1.412,   1.412, 0.0565
540863, 84, 1.636,   1.636, 0.127
541004, 85, 1.168,   1.168, 0.31
561160, 86, 0.248,   0.248, 0.0526
563061, 87, 0.568,   0.568, 0.0487
566268, 88, 9.512,   9.512, 0.0448
572477, 89, 8.964,   8.964, 0.0799
578171, 90, 1.084,   1.084, 0.0526
582506, 91, 0.728,   0.728, 0.076
590087, 92, 0.532,   0.532, 0.0526
590992, 93, 1.52,   1.52, 0.166
591235, 94, 0.54,   0.54, 0.302
591415, 95, 10.9,   10.9, 0.365
592607, 96, 5.736,   5.736, 0.474
594369, 97, 0.692,   0.692, 0.146
595419, 98, 0.844,   0.844, 0.0604
597634, 99, 0.816,   0.816, 0.0994
599356, 100, 1.444,   1.444, 0.24
603961, 101, 8.552,   8.552, 0.283
610916, 102, 11.38,   11.38, 0.0643
611746, 103, 1.816,   1.816, 0.267
617040, 104, 6.504,   6.504, 0.0487
620412, 105, 1.46,   1.46, 0.0604
633330, 106, 2.504,   2.504, 0.217
634621, 107, 1.464,   1.464, 0.0604
636015, 108, 0.96,   0.96, 0.0916
637016, 109, 1.128,   1.128, 0.396
644102, 110, 3.712,   3.712, 0.0838
667435, 111, 4.668,   4.668, 0.146
669502, 112, 5.42,   5.42, 0.0487
671606, 113, 3.616,   3.616, 0.0565
673540, 114, 5.912,   5.912, 0.38
683964, 115, 1.488,   1.488, 0.0565
687299, 116, 4.032,   4.032, 0.0682
687575, 117, 4.736,   4.736, 0.263
691784, 118, 0.224,   0.224, 0.263
694825, 119, 0.82,   0.82, 0.0799
703572, 120, 8.7,   8.7, 0.0955
704365, 121, 6.192,   6.192, 0.0838
705516, 122, 5.796,   5.796, 0.0838
711147, 123, 0.74,   0.74, 0.314
715222, 124, 1.4,   1.4, 0.287
717892, 125, 0.196,   0.196, 0.0604
718174, 126, 0.308,   0.308, 0.228
720228, 127, 3.392,   3.392, 0.654
720251, 128, 7.808,   7.808, 0.283
720866, 129, 6.344,   6.344, 0.0955
733568, 130, 0.604,   0.604, 0.0526
737670, 131, 1.884,   1.884, 0.0526
746065, 132, 0.46,   0.46, 0.193
782148, 133, 0.98,   0.98, 0.716
792332, 134, 2.332,   2.332, 0.0604
811747, 135, 1.76,   1.76, 0.162
814457, 136, 13.1,   13.1, 0.205
818082, 137, 0.744,   0.744, 0.267
837134, 138, 0.872,   0.872, 0.0682
839679, 139, 0.476,   0.476, 0.0565
847385, 140, 4.344,   4.344, 0.0994
859989, 141, 0.764,   0.764, 0.174
860938, 142, 0.372,   0.372, 0.361
868146, 143, 2.988,   2.988, 0.0565
872032, 144, 0.44,   0.44, 0.0643
875341, 145, 13.88,   13.88, 0.213
885545, 146, 7.44,   7.44, 0.306
904675, 147, 0.692,   0.692, 0.0838
908055, 148, 5.804,   5.804, 0.174
918511, 149, 9.5,   9.5, 0.174
919163, 150, 14.16,   14.16, 0.103
938369, 151, 9.904,   9.904, 0.131
939004, 152, 3.196,   3.196, 0.0877
940676, 153, 3.012,   3.012, 0.271
946092, 154, 6.056,   6.056, 0.123
951608, 155, 6.328,   6.328, 0.47
954324, 156, 9.064,   9.064, 0.478
960200, 157, 3.068,   3.068, 0.123
987203, 158, 0.916,   0.916, 0.142
993236, 159, 9.352,   9.352, 0.318
994970, 160, 1.936,   1.936, 0.31
1000488, 161, 1.08,   1.08, 0.318
1007509, 162, 1.984,   1.984, 0.0409
1011034, 163, 1.792,   1.792, 0.302
1011342, 164, 9.384,   9.384, 0.0682
1012862, 165, 10.15,   10.15, 0.142
1015492, 166, 4.756,   4.756, 0.388
1015493, 167, 1.52,   1.52, 0.256
1015494, 168, 3.912,   3.912, 0.338
1019377, 169, 1.712,   1.712, 0.427
1028240, 170, 10.57,   10.57, 0.213
1042869, 171, 5.304,   5.304, 0.443
1058771, 172, 2.968,   2.968, 0.166
1059413, 173, 9.632,   9.632, 0.0604
1059753, 174, 0.276,   0.276, 0.322
1061279, 175, 12.91,   12.91, 0.17
1061954, 176, 7.116,   7.116, 0.306
1066642, 177, 1.212,   1.212, 0.244
1075728, 178, 8.532,   8.532, 0.248
1080460, 179, 11.2,   11.2, 0.0526
1089119, 180, 0.972,   0.972, 0.0565
1094371, 181, 3,   3, 0.111
1095994, 182, 4.792,   4.792, 0.0604
1096669, 183, 2.512,   2.512, 0.0487
1100117, 184, 0.64,   0.64, 0.166
1103128, 185, 1.352,   1.352, 0.373
1117923, 186, 0.78,   0.78, 0.0916
1119788, 187, 2.168,   2.168, 0.209
1122495, 188, 0.216,   0.216, 0.0916
1124934, 189, 0.78,   0.78, 0.236
1126734, 190, 4.344,   4.344, 0.107
1137308, 191, 1.316,   1.316, 0.0526
1142087, 192, 0.332,   0.332, 0.0604
1142368, 193, 0.324,   0.324, 0.361
1154636, 194, 0.452,   0.452, 0.0682
1158393, 195, 1.468,   1.468, 0.326
1170608, 196, 1.152,   1.152, 0.115
1174287, 197, 6.024,   6.024, 0.0721
1178734, 198, 3.272,   3.272, 0.162
1181528, 199, 11.2,   11.2, 0.123
1181815, 200, 0.228,   0.228, 0.0604
1188027, 201, 4.96,   4.96, 0.0799
1197140, 202, 0.172,   0.172, 0.162
1197785, 203, 10.16,   10.16, 0.076
1200712, 204, 2.14,   2.14, 0.15
1206587, 205, 12.01,   12.01, 0.22
1226961, 206, 2.856,   2.856, 0.15
1233075, 207, 0.528,   0.528, 0.345
1235574, 208, 10.01,   10.01, 0.271
1236293, 209, 1.232,   1.232, 0.72
1236708, 210, 2.668,   2.668, 0.142
1244125, 211, 0.2,   0.2, 0.318
1247723, 212, 9.176,   9.176, 0.142
1261473, 213, 0.992,   0.992, 0.505
1263853, 214, 13.54,   13.54, 0.0838
1266706, 215, 1.08,   1.08, 0.369
1267936, 216, 2.316,   2.316, 0.209
1270060, 217, 7.548,   7.548, 0.107
1284917, 218, 1.432,   1.432, 0.0838
1287156, 219, 3.428,   3.428, 0.22
1293231, 220, 11.78,   11.78, 0.388
1295553, 221, 7.428,   7.428, 0.275
1313945, 222, 9.228,   9.228, 0.115
1325859, 223, 0.948,   0.948, 0.146
1333727, 224, 4.752,   4.752, 0.076
1333798, 225, 0.716,   0.716, 0.275
1344154, 226, 5.54,   5.54, 0.619
1347244, 227, 2.508,   2.508, 0.334
1351133, 228, 3.724,   3.724, 0.138
1351178, 229, 1.152,   1.152, 0.22
1351332, 230, 2.08,   2.08, 0.177
1351881, 231, 1.708,   1.708, 0.0721
1366616, 232, 2.148,   2.148, 0.0643
1384671, 233, 1.464,   1.464, 0.0916
1387174, 234, 0.324,   0.324, 0.119
1396738, 235, 14.25,   14.25, 0.166
1397236, 236, 0.648,   0.648, 0.341
1417003, 237, 10.53,   10.53, 0.076
1429211, 238, 0.744,   0.744, 0.15
1432895, 239, 1.608,   1.608, 0.248
1439585, 240, 0.244,   0.244, 0.209
1440168, 241, 3.836,   3.836, 0.111
1440815, 242, 0.924,   0.924, 0.119
1445386, 243, 1.356,   1.356, 0.501
1446790, 244, 2.804,   2.804, 0.135
1457910, 245, 6.66,   6.66, 0.0526
1467770, 246, 0.844,   0.844, 0.111
1477758, 247, 0.844,   0.844, 0.0682
1479914, 248, 0.488,   0.488, 0.123
1481098, 249, 0.42,   0.42, 0.177
1487758, 250, 1.736,   1.736, 0.0994
1496609, 251, 5.132,   5.132, 0.259
1499179, 252, 0.356,   0.356, 0.154
1501255, 253, 1.18,   1.18, 0.0565
1533563, 254, 2.176,   2.176, 0.299
1554040, 255, 1.176,   1.176, 0.0565
1554429, 256, 1.244,   1.244, 0.0565
1555481, 257, 0.928,   0.928, 0.533
1556804, 258, 0.232,   0.232, 0.0955
1563141, 259, 11.21,   11.21, 0.107
1563691, 260, 6.008,   6.008, 0.119
1572528, 261, 0.436,   0.436, 0.158
1580160, 262, 4.104,   4.104, 0.0643
1582512, 263, 0.596,   0.596, 0.0721
1587603, 264, 10.46,   10.46, 0.162
1590274, 265, 4.048,   4.048, 0.22
1590881, 266, 0.456,   0.456, 0.412
1592061, 267, 2.26,   2.26, 0.17
1607104, 268, 0.484,   0.484, 0.0565
1609984, 269, 6.404,   6.404, 0.0565
1610621, 270, 1.172,   1.172, 0.0604
1612516, 271, 1.62,   1.62, 0.0526
1617567, 272, 2.016,   2.016, 0.189
1626571, 273, 7.492,   7.492, 0.0565
1629926, 274, 1.036,   1.036, 0.0565
1655781, 275, 6.98,   6.98, 0.0682
1656192, 276, 5.728,   5.728, 0.158
1657909, 277, 7.336,   7.336, 0.15
1659586, 278, 0.628,   0.628, 0.193
1671769, 279, 14.72,   14.72, 0.0448
1679285, 280, 0.332,   0.332, 0.111
1688062, 281, 8.12,   8.12, 0.498
1692364, 282, 0.264,   0.264, 0.0448
1692682, 283, 2.76,   2.76, 0.0838
1694850, 284, 1.148,   1.148, 0.193
1695249, 285, 1.58,   1.58, 0.0448
1695265, 286, 1.708,   1.708, 0.591
1696780, 287, 2.096,   2.096, 0.0838
1697644, 288, 10.54,   10.54, 0.0643
1701269, 289, 0.18,   0.18, 0.193
1704186, 290, 1.14,   1.14, 0.0916
1707156, 291, 2.456,   2.456, 0.314
1707588, 292, 3.992,   3.992, 0.123
1713588, 293, 6.356,   6.356, 0.259
1741728, 294, 4.008,   4.008, 0.228
1749894, 295, 7.788,   7.788, 0.0643
1758809, 296, 4.468,   4.468, 0.299
1759898, 297, 3.056,   3.056, 0.505
1761554, 298, 4.188,   4.188, 0.0526
1761619, 299, 0.592,   0.592, 0.146
1779141, 300, 0.324,   0.324, 0.111
1797926, 301, 5.168,   5.168, 0.193
1806057, 302, 8.86,   8.86, 0.0994
1809050, 303, 12.98,   12.98, 0.174
1827106, 304, 3.948,   3.948, 0.0994
1827967, 305, 11.19,   11.19, 0.181
1830573, 306, 2.064,   2.064, 0.0526
1834224, 307, 14.75,   14.75, 0.0799
1834949, 308, 5.376,   5.376, 0.193
1835652, 309, 4.032,   4.032, 0.0916
1861530, 310, 6.528,   6.528, 0.213
1863373, 311, 1.212,   1.212, 0.38
1880246, 312, 0.476,   0.476, 0.135
1890213, 313, 3.828,   3.828, 0.0526
1894277, 314, 10.67,   10.67, 0.267
1900079, 315, 3.388,   3.388, 0.0565
1902821, 316, 1.224,   1.224, 0.0916
1907589, 317, 1.288,   1.288, 0.0682
1912795, 318, 12.42,   12.42, 0.0838
1913988, 319, 0.44,   0.44, 0.423
1915508, 320, 0.204,   0.204, 0.076
1919429, 321, 0.432,   0.432, 0.357
1919549, 322, 14.16,   14.16, 0.396
1934716, 323, 0.176,   0.176, 0.131
1940112, 324, 0.788,   0.788, 0.0565
1940447, 325, 12.11,   12.11, 0.0565
1959433, 326, 5.964,   5.964, 0.15
1967253, 327, 0.352,   0.352, 0.306
1970664, 328, 1.34,   1.34, 0.127
1979898, 329, 6.56,   6.56, 0.201
1981856, 330, 7.124,   7.124, 0.142
1981991, 331, 0.748,   0.748, 0.0565
1982379, 332, 1.86,   1.86, 0.377
1987039, 333, 3.72,   3.72, 0.0643
2002069, 334, 1.792,   1.792, 0.306
2002639, 335, 1.52,   1.52, 0.0526
2002976, 336, 3.488,   3.488, 0.0565
2007046, 337, 0.328,   0.328, 0.154
2027135, 338, 0.256,   0.256, 0.0838
2038473, 339, 1.592,   1.592, 0.193
2039480, 340, 0.964,   0.964, 0.33
2045299, 341, 6.464,   6.464, 0.076
2056648, 342, 2.372,   2.372, 0.0643
2062300, 343, 8.664,   8.664, 0.076
2062446, 344, 1.26,   1.26, 0.0604
2068989, 345, 1.204,   1.204, 0.0799
2083986, 346, 3.208,   3.208, 0.0526
2085182, 347, 5.028,   5.028, 0.0643
2089801, 348, 14.26,   14.26, 0.501
2098973, 349, 14.88,   14.88, 0.392
2103991, 350, 0.896,   0.896, 0.0565
2124146, 351, 1.168,   1.168, 0.0565
2134292, 352, 13.32,   13.32, 0.131
2142328, 353, 1.832,   1.832, 0.146
2144695, 354, 1.588,   1.588, 0.0604
2161056, 355, 2.828,   2.828, 0.15
2163264, 356, 13.86,   13.86, 0.299
2166286, 357, 0.796,   0.796, 0.564
2168894, 358, 1.684,   1.684, 0.361
2174518, 359, 5.7,   5.7, 0.209
2186304, 360, 8.7,   8.7, 0.256
2189789, 361, 0.236,   0.236, 0.0838
2191756, 362, 7.052,   7.052, 0.0526
2199472, 363, 1.28,   1.28, 0.107
2202143, 364, 7.08,   7.08, 0.0682
2205327, 365, 2.444,   2.444, 0.224
2205725, 366, 8.86,   8.86, 0.0487
2208988, 367, 1.488,   1.488, 0.138
2211841, 368, 1.36,   1.36, 0.369
2224164, 369, 3.4,   3.4, 0.0721
2228239, 370, 9.104,   9.104, 0.123
2230718, 371, 1.264,   1.264, 0.0526
2239531, 372, 0.58,   0.58, 0.166
2246409, 373, 9.848,   9.848, 0.306
2249021, 374, 11.76,   11.76, 0.396
2261682, 375, 0.256,   0.256, 0.0955
2273886, 376, 1.752,   1.752, 0.213
2276088, 377, 3.008,   3.008, 0.236
2278893, 378, 7.688,   7.688, 0.201
2305791, 379, 2.076,   2.076, 0.166
2323909, 380, 6.56,   6.56, 0.0526
2332877, 381, 4.048,   4.048, 0.0526
2334113, 382, 0.876,   0.876, 0.115
2337984, 383, 7.104,   7.104, 0.509
2339154, 384, 6.38,   6.38, 0.0643
2346472, 385, 13.74,   13.74, 0.0604
2360249, 386, 2.768,   2.768, 0.42
2368877, 387, 9.764,   9.764, 0.306
2389675, 388, 1.14,   1.14, 0.197
2398366, 389, 1.108,   1.108, 0.0565
2402114, 390, 0.632,   0.632, 0.0448
2405581, 391, 14.74,   14.74, 0.79
2405660, 392, 4.156,   4.156, 0.0526
2409187, 393, 3.692,   3.692, 0.0526
2417431, 394, 0.46,   0.46, 0.334
2418454, 395, 3.296,   3.296, 0.0682
2421324, 396, 0.752,   0.752, 0.181
2426693, 397, 0.384,   0.384, 0.0526
2427932, 398, 2.78,   2.78, 0.275
2432742, 399, 1.5,   1.5, 0.0604
2449187, 400, 6.84,   6.84, 0.135
2449683, 401, 4.44,   4.44, 0.135
2450397, 402, 5.336,   5.336, 0.166
2479643, 403, 1.388,   1.388, 0.107
2498083, 404, 0.224,   0.224, 0.583
2512755, 405, 3.848,   3.848, 0.326
2518259, 406, 0.456,   0.456, 0.209
2529204, 407, 5.516,   5.516, 0.162
2538802, 408, 0.376,   0.376, 0.299
2541014, 409, 6.64,   6.64, 0.0838
2553706, 410, 0.296,   0.296, 0.0487
2556379, 411, 0.972,   0.972, 0.0682
2564355, 412, 1.268,   1.268, 0.279
2565045, 413, 9.28,   9.28, 0.408
2576820, 414, 0.896,   0.896, 0.248
2596049, 415, 13.65,   13.65, 0.154
2610611, 416, 1.3,   1.3, 0.0604
2612085, 417, 0.844,   0.844, 0.111
2618252, 418, 0.484,   0.484, 0.107
2630723, 419, 4.348,   4.348, 0.217
2638540, 420, 0.748,   0.748, 0.439
2638816, 421, 2.932,   2.932, 0.142
2649614, 422, 0.396,   0.396, 0.0721
2656248, 423, 4.248,   4.248, 0.0604
2660849, 424, 6.036,   6.036, 0.0643
2661915, 425, 8.212,   8.212, 0.138
2662909, 426, 2.116,   2.116, 0.135
2681824, 427, 1.988,   1.988, 0.0682
2689209, 428, 3.812,   3.812, 0.252
2690328, 429, 1,   1, 0.0604
2703015, 430, 8.616,   8.616, 0.408
2707212, 431, 0.756,   0.756, 0.0682
2712761, 432, 2.124,   2.124, 0.076
2740778, 433, 3.288,   3.288, 0.392
2747136, 434, 1.52,   1.52, 0.0448
2756774, 435, 2.916,   2.916, 0.0643
2762185, 436, 6.404,   6.404, 0.345
2765137, 437, 1.376,   1.376, 0.232
2767930, 438, 1.344,   1.344, 0.0565
2771151, 439, 9.896,   9.896, 0.205
2772310, 440, 1.368,   1.368, 0.131
2782558, 441, 0.444,   0.444, 0.115
2790085, 442, 5.044,   5.044, 0.0565
2796105, 443, 1.628,   1.628, 0.228
2804940, 444, 0.356,   0.356, 0.0604
2805415, 445, 0.584,   0.584, 0.0565
2811202, 446, 14.08,   14.08, 0.119
2811999, 447, 3.928,   3.928, 0.0604
2818430, 448, 11.93,   11.93, 0.135
2850829, 449, 0.728,   0.728, 0.279
2856214, 450, 12.65,   12.65, 0.322
2856577, 451, 1.028,   1.028, 0.256
2857970, 452, 5.708,   5.708, 0.427
2858586, 453, 0.416,   0.416, 0.0877
2859284, 454, 0.88,   0.88, 0.0643
2862110, 455, 0.764,   0.764, 0.213
2865121, 456, 2.016,   2.016, 0.0955
2890432, 457, 2.992,   2.992, 0.236
2899836, 458, 3.46,   3.46, 0.0526
2905166, 459, 2.852,   2.852, 0.0604
2913964, 460, 1.244,   1.244, 0.0565
2920820, 461, 1.96,   1.96, 0.0604
2927722, 462, 0.276,   0.276, 0.0565
2931833, 463, 13.51,   13.51, 0.455
2947362, 464, 3.14,   3.14, 0.275
2957891, 465, 10.26,   10.26, 0.517
2963309, 466, 5.536,   5.536, 0.119
2968426, 467, 13.28,   13.28, 0.283
2977904, 468, 6.072,   6.072, 0.0838
2979633, 469, 11.47,   11.47, 0.513
2981788, 470, 2.44,   2.44, 0.0604
3000421, 471, 1.712,   1.712, 0.0565
3009020, 472, 0.652,   0.652, 0.0604
3013794, 473, 5.748,   5.748, 0.384
3019147, 474, 1.588,   1.588, 0.103
3024222, 475, 3.788,   3.788, 0.154
3025514, 476, 13.59,   13.59, 0.338
3025668, 477, 2.604,   2.604, 0.0565
3033018, 478, 1.784,   1.784, 0.189
3037266, 479, 1.504,   1.504, 0.115
3064262, 480, 1.928,   1.928, 0.619
3064502, 481, 3.324,   3.324, 0.189
3074617, 482, 0.72,   0.72, 0.0838
3078755, 483, 1.364,   1.364, 0.0994
3086206, 484, 4.92,   4.92, 0.279
3094249, 485, 1.24,   1.24, 0.189
3100983, 486, 2.964,   2.964, 0.0526
3108836, 487, 4.052,   4.052, 0.107
3121487, 488, 1.404,   1.404, 0.295
3139887, 489, 2.948,   2.948, 0.256
3144342, 490, 1.22,   1.22, 0.0643
3145308, 491, 4.212,   4.212, 0.138
3153940, 492, 6.12,   6.12, 0.252
3155533, 493, 0.308,   0.308, 0.076
3156035, 494, 3.612,   3.612, 0.665
3156166, 495, 10.04,   10.04, 0.185
3165230, 496, 1.792,   1.792, 0.0487
3167273, 497, 0.888,   0.888, 0.236
3168553, 498, 5.404,   5.404, 0.38
3178070, 499, 0.2,   0.2, 0.205
3181160, 500, 3.12,   3.12, 0.123
3183272, 501, 0.18,   0.18, 0.111
3192062, 502, 3.904,   3.904, 0.0916
3193570, 503, 6.556,   6.556, 0.0877
3194104, 504, 5.668,   5.668, 0.0799
3202624, 505, 1.552,   1.552, 0.0565
3209078, 506, 14.16,   14.16, 0.0565
3210789, 507, 1.328,   1.328, 0.174
3218334, 508, 1.444,   1.444, 0.0526
3221531, 509, 6.28,   6.28, 0.74
3227946, 510, 2.048,   2.048, 0.103
3232261, 511, 0.54,   0.54, 0.0565
3245319, 512, 12.17,   12.17, 0.111
3263052, 513, 0.968,   0.968, 0.0565
3270661, 514, 4.288,   4.288, 0.0526
3271423, 515, 0.304,   0.304, 0.115
3276479, 516, 0.36,   0.36, 0.0643
3277600, 517, 2.536,   2.536, 0.338
3292118, 518, 0.624,   0.624, 0.0682
3296105, 519, 2.596,   2.596, 0.0565
3297113, 520, 2.008,   2.008, 0.0916
3297916, 521, 2.94,   2.94, 0.103
3303488, 522, 11.2,   11.2, 0.162
3307811, 523, 0.656,   0.656, 0.0487
3308617, 524, 1.964,   1.964, 0.256
3322149, 525, 1.052,   1.052, 0.0526
3333085, 526, 0.316,   0.316, 0.185
3333130, 527, 0.364,   0.364, 0.213
3335321, 528, 0.728,   0.728, 0.263
3335717, 529, 0.884,   0.884, 0.0604
3338449, 530, 1.42,   1.42, 0.24
3348477, 531, 4.028,   4.028, 0.119
3353888, 532, 2.344,   2.344, 0.119
3354932, 533, 11.78,   11.78, 0.15
3364132, 534, 0.26,   0.26, 0.0955
3364320, 535, 3.016,   3.016, 0.193
3365751, 536, 0.572,   0.572, 0.259
3370320, 537, 1.404,   1.404, 0.0955
3370811, 538, 3.092,   3.092, 0.127
3371252, 539, 0.376,   0.376, 0.201
3373399, 540, 1.884,   1.884, 0.0565
3376919, 541, 0.736,   0.736, 0.131
3378374, 542, 5.484,   5.484, 0.47
3386454, 543, 1.652,   1.652, 0.287
3396881, 544, 2.5,   2.5, 0.322
3402341, 545, 3.804,   3.804, 0.0838
3410025, 546, 4.016,   4.016, 0.388
3411629, 547, 4.752,   4.752, 0.267
3416590, 548, 1.244,   1.244, 0.107
3422810, 549, 11.81,   11.81, 0.115
3426970, 550, 6.34,   6.34, 0.252
3436457, 551, 4.728,   4.728, 0.0604
3440022, 552, 7.484,   7.484, 0.0487
3441942, 553, 2.412,   2.412, 0.224
3445985, 554, 3.068,   3.068, 0.135
3457905, 555, 1.044,   1.044, 0.0877
3464580, 556, 11.56,   11.56, 0.0877
3467006, 557, 7.468,   7.468, 0.455
3496003, 558, 4.564,   4.564, 0.174
3501901, 559, 2.316,   2.316, 0.0682
3503359, 560, 14.78,   14.78, 0.205
3508966, 561, 10.35,   10.35, 0.103
3519016, 562, 3.748,   3.748, 0.115
3522604, 563, 2.06,   2.06, 0.197
3532470, 564, 2.98,   2.98, 0.345
3535079, 565, 1.692,   1.692, 0.0526
3544387, 566, 14.78,   14.78, 0.24
3551719, 567, 11.61,   11.61, 0.451
3551899, 568, 0.172,   0.172, 0.193
3555123, 569, 1.192,   1.192, 0.177
3557121, 570, 4.672,   4.672, 0.146
3560181, 571, 1.904,   1.904, 0.267
3560935, 572, 3,   3, 0.17
3562141, 573, 0.816,   0.816, 0.416
3584061, 574, 3.164,   3.164, 0.259
3588216, 575, 1.42,   1.42, 0.076
3589324, 576, 12.9,   12.9, 0.107
3591620, 577, 0.288,   0.288, 0.135
3595576, 578, 2.708,   2.708, 0.248
3597113, 579, 11.56,   11.56, 0.115
3601019, 580, 12.06,   12.06, 0.299
3609731, 581, 1.524,   1.524, 0.0643
3610299, 582, 5.76,   5.76, 0.162
3625776, 583, 0.944,   0.944, 0.0643
3629467, 584, 10.84,   10.84, 0.224
3630255, 585, 3.456,   3.456, 0.236
3631618, 586, 0.628,   0.628, 0.388
3634887, 587, 1.6,   1.6, 0.544
3638566, 588, 2.052,   2.052, 0.248
3644254, 589, 2.148,   2.148, 0.338
3663943, 590, 6.608,   6.608, 0.0682
3670896, 591, 0.788,   0.788, 0.0565
3678890, 592, 0.948,   0.948, 0.111
3695094, 593, 0.72,   0.72, 0.0526
3697625, 594, 9.584,   9.584, 0.0643
3699504, 595, 0.756,   0.756, 0.0994
3704362, 596, 0.888,   0.888, 0.33
3704524, 597, 0.248,   0.248, 0.0604
3705601, 598, 6.488,   6.488, 0.15
3707971, 599, 4.352,   4.352, 0.443
3729753, 600, 0.34,   0.34, 0.0526
3732619, 601, 13.9,   13.9, 0.412
3740774, 602, 14.85,   14.85, 0.345
3740799, 603, 0.812,   0.812, 0.0526
3757620, 604, 2.512,   2.512, 0.267
3758132, 605, 4.94,   4.94, 0.341
3760254, 606, 1.86,   1.86, 0.244
3767253, 607, 8.292,   8.292, 0.189
3780429, 608, 0.864,   0.864, 0.275
3797899, 609, 0.84,   0.84, 0.0604
3805836, 610, 0.5,   0.5, 0.0565
3809436, 611, 2.704,   2.704, 0.0838
3811032, 612, 10.14,   10.14, 0.619
3811880, 613, 8.12,   8.12, 0.146
3814416, 614, 0.856,   0.856, 0.295
3818456, 615, 6.76,   6.76, 0.439
3818547, 616, 4.248,   4.248, 0.166
3826100, 617, 12.42,   12.42, 0.279
3828926, 618, 2.816,   2.816, 0.302
3835006, 619, 1.432,   1.432, 0.0877
3851029, 620, 13,   13, 0.24
3858017, 621, 14.54,   14.54, 0.166
3874575, 622, 1.048,   1.048, 0.0643
3875730, 623, 0.308,   0.308, 0.0526
3880625, 624, 8.172,   8.172, 0.0565
3882029, 625, 2.784,   2.784, 0.0604
3890116, 626, 1.828,   1.828, 0.404
3900202, 627, 1.128,   1.128, 0.158
3900464, 628, 0.852,   0.852, 0.131
3902492, 629, 1.008,   1.008, 0.135
3906176, 630, 1.572,   1.572, 0.0526
3906739, 631, 1.04,   1.04, 0.31
3909279, 632, 3.512,   3.512, 0.0994
3913988, 633, 0.248,   0.248, 0.103
3919674, 634, 12.64,   12.64, 0.0877
3921941, 635, 0.492,   0.492, 0.138
3923225, 636, 12.12,   12.12, 0.244
3925465, 637, 13.63,   13.63, 0.556
3926484, 638, 4.244,   4.244, 0.357
3928008, 639, 0.884,   0.884, 0.0604
3930949, 640, 0.2,   0.2, 0.0604
3934587, 641, 1.184,   1.184, 0.0604
3936052, 642, 0.896,   0.896, 0.123
3937052, 643, 4.376,   4.376, 0.0682
3938451, 644, 0.492,   0.492, 0.181
3944857, 645, 0.604,   0.604, 0.0565
3946097, 646, 1.112,   1.112, 0.103
3953283, 647, 10.09,   10.09, 0.0643
3958292, 648, 0.608,   0.608, 0.0799
3961887, 649, 14,   14, 0.0565
3962876, 650, 9.892,   9.892, 0.248
3963578, 651, 1.228,   1.228, 0.0526
3965354, 652, 10.74,   10.74, 0.138
3975037, 653, 4.228,   4.228, 0.0682
3975724, 654, 8.308,   8.308, 0.193
3975870, 655, 6.784,   6.784, 0.326
3976851, 656, 1.916,   1.916, 0.0799
3982100, 657, 6.308,   6.308, 0.17
3985285, 658, 5.348,   5.348, 0.0604
3989315, 659, 0.296,   0.296, 0.142
3990913, 660, 1.152,   1.152, 0.146
4000867, 661, 1.484,   1.484, 0.0526
4008292, 662, 1.76,   1.76, 0.162
4021655, 663, 0.828,   0.828, 0.263
4029332, 664, 12.87,   12.87, 0.498
4030524, 665, 0.532,   0.532, 0.306
4033644, 666, 13.04,   13.04, 0.0838
4034767, 667, 0.572,   0.572, 0.0838
4041949, 668, 2.424,   2.424, 0.302
4062927, 669, 0.324,   0.324, 0.0643
4063537, 670, 0.368,   0.368, 0.189
4065328, 671, 1.708,   1.708, 0.123
4079894, 672, 14.15,   14.15, 0.0565
4083550, 673, 0.956,   0.956, 0.0487
4083618, 674, 0.332,   0.332, 0.0877
4088067, 675, 6.992,   6.992, 0.56
4089769, 676, 0.712,   0.712, 0.0721
4106418, 677, 4.824,   4.824, 0.076
4108985, 678, 2.26,   2.26, 0.197
4114633, 679, 0.424,   0.424, 0.0565
4115364, 680, 1.98,   1.98, 0.0916
4116833, 681, 3.428,   3.428, 0.0643
4123539, 682, 1.332,   1.332, 0.0448
4124187, 683, 6.932,   6.932, 0.0565
4126454, 684, 8.892,   8.892, 0.0487
4139492, 685, 1.8,   1.8, 0.287
4144403, 686, 0.372,   0.372, 0.123
4152589, 687, 10.94,   10.94, 0.357
4164981, 688, 5.232,   5.232, 0.076
4167812, 689, 2.8,   2.8, 0.154
4173569, 690, 4.132,   4.132, 0.177
4178987, 691, 1.548,   1.548, 0.24
4180989, 692, 1.784,   1.784, 0.17
4188102, 693, 0.532,   0.532, 0.119
4192106, 694, 1.392,   1.392, 0.0565
4192449, 695, 0.952,   0.952, 0.279
4197659, 696, 0.876,   0.876, 0.0682
4198716, 697, 0.36,   0.36, 0.213
4202539, 698, 7.044,   7.044, 0.0799
4207229, 699, 1.4,   1.4, 0.209
4208184, 700, 8.38,   8.38, 0.217
4208714, 701, 9.464,   9.464, 0.213
4213231, 702, 7.868,   7.868, 0.158
4228743, 703, 0.32,   0.32, 0.232
4230886, 704, 1.288,   1.288, 0.0526
4236318, 705, 0.692,   0.692, 0.0448
4238937, 706, 5.492,   5.492, 0.0838
4243789, 707, 0.808,   0.808, 0.0526
4246545, 708, 3.916,   3.916, 0.0682
4251398, 709, 8.304,   8.304, 0.498
4259887, 710, 0.18,   0.18, 0.162
4266466, 711, 7.968,   7.968, 0.228
4271988, 712, 1.596,   1.596, 0.123
4274042, 713, 0.316,   0.316, 0.603
4280861, 714, 6.344,   6.344, 0.189
4288986, 715, 1.14,   1.14, 0.0565
4292807, 716, 1.644,   1.644, 0.0487
4294485, 717, 0.252,   0.252, 0.0799
4300995, 718, 2.492,   2.492, 0.338
4307269, 719, 0.404,   0.404, 0.0526
4327560, 720, 1.068,   1.068, 0.0838
4333865, 721, 8.06,   8.06, 0.197
4350675, 722, 0.9,   0.9, 0.244
4357830, 723, 1.388,   1.388, 0.0565
4358379, 724, 7.152,   7.152, 0.138
4359747, 725, 1.524,   1.524, 0.0643
4362869, 726, 2.84,   2.84, 0.217
4369898, 727, 5.6,   5.6, 0.111
4376435, 728, 3.912,   3.912, 0.896
4376517, 729, 0.64,   0.64, 0.271
4381720, 730, 6.072,   6.072, 0.295
4395358, 731, 1.22,   1.22, 0.459
4405532, 732, 0.268,   0.268, 0.0487
4409364, 733, 4.412,   4.412, 0.107
4419296, 734, 1.084,   1.084, 0.0643
4421669, 735, 0.992,   0.992, 0.0565
4423093, 736, 12.95,   12.95, 0.345
4428602, 737, 5.888,   5.888, 0.236
4433512, 738, 3.944,   3.944, 0.076
4437364, 739, 3.864,   3.864, 0.123
4437476, 740, 8.024,   8.024, 0.162
4442313, 741, 5.14,   5.14, 0.177
4454060, 742, 1.976,   1.976, 0.283
4464188, 743, 5.764,   5.764, 0.0799
4464297, 744, 0.912,   0.912, 0.263
4473749, 745, 2.828,   2.828, 0.205
4483574, 746, 4.324,   4.324, 0.0877
4489733, 747, 14.33,   14.33, 0.15
4498236, 748, 0.504,   0.504, 0.127
4499431, 749, 1.044,   1.044, 0.138
4501415, 750, 3.7,   3.7, 0.0916
4501758, 751, 0.624,   0.624, 0.0721
4508498, 752, 0.664,   0.664, 0.0799
4515945, 753, 0.836,   0.836, 0.0487
4530675, 754, 0.776,   0.776, 0.0448
4542792, 755, 4.816,   4.816, 0.131
4543545, 756, 4.676,   4.676, 0.439
4547770, 757, 2.412,   2.412, 0.111
4549421, 758, 2.248,   2.248, 0.0565
4550435, 759, 0.92,   0.92, 0.0682
4550659, 760, 0.424,   0.424, 0.626
4552123, 761, 1.384,   1.384, 0.177
4553563, 762, 8.736,   8.736, 0.341
4556912, 763, 0.516,   0.516, 0.373
4557613, 764, 0.736,   0.736, 0.0526
4563250, 765, 3.448,   3.448, 0.185
4565482, 766, 12.35,   12.35, 0.166
4568827, 767, 14.57,   14.57, 0.0643
4570774, 768, 1.516,   1.516, 0.263
4571912, 769, 3.084,   3.084, 0.498
4580150, 770, 2.728,   2.728, 0.146
4594092, 771, 0.596,   0.596, 0.123
4606538, 772, 1.588,   1.588, 0.0721
4613382, 773, 4.164,   4.164, 0.076
4614916, 774, 3.748,   3.748, 0.0526
4624052, 775, 0.516,   0.516, 0.33
4624164, 776, 2.416,   2.416, 0.357
4628124, 777, 1.496,   1.496, 0.279
4629533, 778, 1.244,   1.244, 0.107
4637843, 779, 2.392,   2.392, 0.111
4639070, 780, 1.688,   1.688, 0.322
4639974, 781, 1.112,   1.112, 0.205
4645153, 782, 0.9,   0.9, 0.0838
4645556, 783, 4.752,   4.752, 0.509
4681082, 784, 3.052,   3.052, 0.127
4695071, 785, 0.996,   0.996, 0.228
4696768, 786, 2.396,   2.396, 0.0565
4701036, 787, 1.276,   1.276, 0.0565
4702583, 788, 0.28,   0.28, 0.213
4705580, 789, 9.084,   9.084, 0.0799
4709465, 790, 1.892,   1.892, 0.334
4709651, 791, 0.932,   0.932, 0.127
4713572, 792, 2.036,   2.036, 0.0838
4729707, 793, 7.64,   7.64, 0.501
4737949, 794, 0.62,   0.62, 0.0604
4745896, 795, 1.928,   1.928, 0.0604
4752891, 796, 0.328,   0.328, 0.291
4760085, 797, 3.424,   3.424, 0.412
4764975, 798, 9.604,   9.604, 0.287
4765649, 799, 14.65,   14.65, 0.111
4765998, 800, 0.768,   0.768, 0.236
4777595, 801, 0.868,   0.868, 0.0565
4797968, 802, 4.056,   4.056, 0.197
4806014, 803, 0.62,   0.62, 0.345
4807231, 804, 10.01,   10.01, 0.0565
4809724, 805, 0.272,   0.272, 0.123
4826260, 806, 2.852,   2.852, 0.0721
4832346, 807, 0.492,   0.492, 0.0526
4836228, 808, 5.96,   5.96, 0.361
4836506, 809, 1.452,   1.452, 0.209
4837854, 810, 3.984,   3.984, 0.0799
4849581, 811, 0.82,   0.82, 0.0565
4850590, 812, 1.184,   1.184, 0.0721
4851040, 813, 12.26,   12.26, 0.295
4852659, 814, 9.4,   9.4, 0.0682
4853454, 815, 5.1,   5.1, 0.138
4861711, 816, 11,   11, 0.22
4874256, 817, 3.636,   3.636, 0.107
4875851, 818, 12.13,   12.13, 0.228
4879594, 819, 3.02,   3.02, 0.0565
4892772, 820, 1.612,   1.612, 0.201
4894710, 821, 2.408,   2.408, 0.213
4900187, 822, 6.512,   6.512, 0.533
4902017, 823, 4.372,   4.372, 0.0604
4907811, 824, 0.68,   0.68, 0.0838
4911492, 825, 0.768,   0.768, 0.377
4915094, 826, 5.704,   5.704, 0.142
4917919, 827, 1.48,   1.48, 0.158
4918966, 828, 0.628,   0.628, 0.0604
4932606, 829, 1.408,   1.408, 0.0448
4932938, 830, 2.224,   2.224, 0.209
4933194, 831, 0.656,   0.656, 0.0838
4933759, 832, 0.464,   0.464, 0.135
4933790, 833, 4.224,   4.224, 0.369
4941456, 834, 5.56,   5.56, 0.47
4951110, 835, 6.956,   6.956, 0.0916
4960607, 836, 3.784,   3.784, 0.263
4968265, 837, 1.616,   1.616, 0.0643
4972616, 838, 1.072,   1.072, 0.0604
4980898, 839, 2.04,   2.04, 0.142
4983556, 840, 1.052,   1.052, 0.0721
4991301, 841, 3.324,   3.324, 0.0682
4999677, 842, 1.848,   1.848, 0.0682
5000645, 843, 1.46,   1.46, 0.0565
5002623, 844, 0.24,   0.24, 0.0994
5002632, 845, 9.488,   9.488, 0.451
5012895, 846, 0.98,   0.98, 0.232
5015493, 847, 1.248,   1.248, 0.369
5017759, 848, 1.68,   1.68, 0.0526
5020532, 849, 4.82,   4.82, 0.189
5021901, 850, 2.336,   2.336, 0.115
5023490, 851, 0.912,   0.912, 0.111
5026048, 852, 4.48,   4.48, 0.193
5028509, 853, 3.908,   3.908, 0.517
5030957, 854, 2.592,   2.592, 0.205
5042922, 855, 6.024,   6.024, 0.509
5051760, 856, 1.028,   1.028, 0.0565
5084888, 857, 14.91,   14.91, 0.103
5092009, 858, 1.18,   1.18, 0.0604
5096079, 859, 1.924,   1.924, 0.232
5108880, 860, 4.72,   4.72, 0.0721
5121247, 861, 5.696,   5.696, 0.154
5126631, 862, 1.968,   1.968, 0.537
5137408, 863, 0.168,   0.168, 0.076
5140227, 864, 2.468,   2.468, 0.205
5140564, 865, 1.12,   1.12, 0.115
5146659, 866, 0.764,   0.764, 0.131
5154161, 867, 2.096,   2.096, 0.17
5154586, 868, 0.432,   0.432, 0.0877
5159461, 869, 0.26,   0.26, 0.127
5160895, 870, 0.736,   0.736, 0.455
5173918, 871, 12.64,   12.64, 0.107
5188322, 872, 0.344,   0.344, 0.162
5198520, 873, 8.208,   8.208, 0.185
5201756, 874, 3.176,   3.176, 0.283
5205771, 875, 1.516,   1.516, 0.131
5206960, 876, 1.9,   1.9, 0.0565
5211084, 877, 2.492,   2.492, 0.135
5238342, 878, 2.124,   2.124, 0.119
5252597, 879, 6.324,   6.324, 0.224
5254007, 880, 11.28,   11.28, 0.341
5255263, 881, 4.312,   4.312, 0.267
5270351, 882, 8,   8, 0.138
5281042, 883, 14.73,   14.73, 0.131
5282257, 884, 2.736,   2.736, 0.15
5294940, 885, 2.948,   2.948, 0.24
5309348, 886, 0.276,   0.276, 0.17
5318733, 887, 11.46,   11.46, 0.162
5319383, 888, 12.11,   12.11, 0.0877
5331938, 889, 0.7,   0.7, 0.154
5333054, 890, 1.64,   1.64, 0.0604
5333225, 891, 1.616,   1.616, 0.24
5333421, 892, 1.36,   1.36, 0.0604
5341163, 893, 6.056,   6.056, 0.15
5347615, 894, 0.168,   0.168, 0.279
5348457, 895, 10.41,   10.41, 0.697
5350709, 896, 0.344,   0.344, 0.228
5356602, 897, 2.72,   2.72, 0.0565
5359107, 898, 9.7,   9.7, 0.131
5360133, 899, 4.636,   4.636, 0.174
5361848, 900, 2.976,   2.976, 0.146
5380536, 901, 7.916,   7.916, 0.205
5381597, 902, 3.876,   3.876, 0.0526
5388358, 903, 2.924,   2.924, 0.283
5390180, 904, 0.376,   0.376, 0.0643
5396578, 905, 7.78,   7.78, 0.0565
5399778, 906, 1.148,   1.148, 0.174
5405350, 907, 2.064,   2.064, 0.107
5405427, 908, 9.384,   9.384, 0.076
5411870, 909, 1.868,   1.868, 0.0721
5416368, 910, 14.16,   14.16, 0.306
5417168, 911, 1.34,   1.34, 0.0799
5417580, 912, 1.608,   1.608, 0.0721
5425431, 913, 6.256,   6.256, 0.24
5444233, 914, 14.99,   14.99, 0.704
5445945, 915, 0.916,   0.916, 0.0526
5446334, 916, 8.704,   8.704, 0.248
5452904, 917, 7.6,   7.6, 0.0721
5454284, 918, 11.88,   11.88, 0.486
5463464, 919, 0.412,   0.412, 0.131
5466348, 920, 0.884,   0.884, 0.0565
5470374, 921, 1.092,   1.092, 0.392
5475236, 922, 0.232,   0.232, 0.0994
5482437, 923, 1.48,   1.48, 0.189
5497179, 924, 1.332,   1.332, 0.373
5500113, 925, 0.34,   0.34, 0.4
5505334, 926, 6.94,   6.94, 0.181
5511323, 927, 0.168,   0.168, 0.0721
5519354, 928, 14.11,   14.11, 0.0526
5532662, 929, 11.1,   11.1, 0.0682
5536459, 930, 11.27,   11.27, 0.103
5538459, 931, 4.22,   4.22, 0.123
5541038, 932, 0.74,   0.74, 0.158
5552087, 933, 14.2,   14.2, 0.0838
5555941, 934, 0.864,   0.864, 0.0604
5556990, 935, 10.19,   10.19, 0.22
5557095, 936, 6.232,   6.232, 0.33
5571137, 937, 2.708,   2.708, 0.138
5571261, 938, 11.1,   11.1, 0.0682
5572396, 939, 1.348,   1.348, 0.0994
5573036, 940, 1.012,   1.012, 0.0721
5582713, 941, 0.516,   0.516, 0.0643
5591629, 942, 14.94,   14.94, 0.404
5607940, 943, 1.236,   1.236, 0.0526
5610122, 944, 3.032,   3.032, 0.0565
5614371, 945, 2.992,   2.992, 0.0604
5616687, 946, 1.044,   1.044, 0.0565
5639150, 947, 6.756,   6.756, 0.369
5644232, 948, 0.464,   0.464, 0.0487
5647102, 949, 0.944,   0.944, 0.0643
5656105, 950, 3.956,   3.956, 0.0565
5667998, 951, 2.092,   2.092, 0.279
5671768, 952, 2.624,   2.624, 0.0994
5686010, 953, 3.852,   3.852, 0.154
5690803, 954, 0.9,   0.9, 0.0604
5693728, 955, 6.128,   6.128, 0.326
5696011, 956, 1.456,   1.456, 0.0565
5698836, 957, 2.436,   2.436, 0.0604
5711887, 958, 3.108,   3.108, 0.189
5718882, 959, 2.812,   2.812, 0.0487
5721948, 960, 0.656,   0.656, 0.369
5723384, 961, 10.22,   10.22, 0.248
5725588, 962, 0.236,   0.236, 0.0604
5728319, 963, 0.324,   0.324, 0.0643
5730139, 964, 0.376,   0.376, 0.154
5730985, 965, 12.32,   12.32, 0.185
5731302, 966, 4.244,   4.244, 0.0526
5734991, 967, 10.96,   10.96, 0.138
5736000, 968, 1.192,   1.192, 0.0643
5736983, 969, 0.852,   0.852, 0.0487
5744090, 970, 11.8,   11.8, 0.0838
5745406, 971, 14.46,   14.46, 0.185
5746329, 972, 0.644,   0.644, 0.0526
5754768, 973, 2.98,   2.98, 0.15
5755661, 974, 1.592,   1.592, 0.0994
5766766, 975, 4.668,   4.668, 0.0565
5781076, 976, 12.25,   12.25, 0.189
5797895, 977, 0.42,   0.42, 0.0682
5810115, 978, 2.68,   2.68, 0.0526
5817160, 979, 4.068,   4.068, 0.0565
5830218, 980, 10.47,   10.47, 0.0604
5831142, 981, 1.564,   1.564, 0.361
5831468, 982, 0.264,   0.264, 0.123
5833199, 983, 0.712,   0.712, 0.564
5837292, 984, 1.332,   1.332, 0.107
5838993, 985, 1.168,   1.168, 0.259
5841928, 986, 1.992,   1.992, 0.224
5842738, 987, 9.228,   9.228, 0.509
5843505, 988, 9.828,   9.828, 0.201
5855968, 989, 0.832,   0.832, 0.135
5861055, 990, 11.22,   11.22, 0.0877
5865190, 991, 7.784,   7.784, 0.166
5866884, 992, 1.444,   1.444, 0.0448
5894995, 993, 8.596,   8.596, 0.474
5895602, 994, 11.14,   11.14, 0.423
5902941, 995, 2.504,   2.504, 0.287
5907562, 996, 0.816,   0.816, 0.0682
5908431, 997, 0.536,   0.536, 0.0643
5914688, 998, 1.172,   1.172, 0.076
5919167, 999, 0.952,   0.952, 0.275
5927218, 1000, 4.32,   4.32, 0.283
5935364, 1001, 0.436,   0.436, 0.0643
5958210, 1002, 8.36,   8.36, 0.0721
5959462, 1003, 0.684,   0.684, 0.302
5962354, 1004, 0.228,   0.228, 0.338
5965014, 1005, 1.492,   1.492, 0.154
5970111, 1006, 1.264,   1.264, 0.158
5985127, 1007, 3.156,   3.156, 0.162
5991006, 1008, 3.448,   3.448, 0.209
5994109, 1009, 0.588,   0.588, 0.119
5995896, 1010, 14.41,   14.41, 0.127
5996923, 1011, 9.872,   9.872, 0.076
5998067, 1012, 9.924,   9.924, 0.0721
6003511, 1013, 0.976,   0.976, 0.486
6006133, 1014, 3.148,   3.148, 0.0682
6012088, 1015, 0.536,   0.536, 0.205
6015896, 1016, 1.22,   1.22, 0.0487
6020461, 1017, 8.48,   8.48, 0.232
6021871, 1018, 1.876,   1.876, 0.338
6025313, 1019, 9.46,   9.46, 0.263
6039057, 1020, 8.492,   8.492, 0.0721
6040424, 1021, 1.368,   1.368, 0.0565
6041383, 1022, 6.532,   6.532, 0.0643
6042946, 1023, 0.556,   0.556, 0.365
6044587, 1024, 8.008,   8.008, 0.119
6047802, 1025, 1.312,   1.312, 0.135
6050171, 1026, 1.74,   1.74, 0.0565
6053780, 1027, 0.456,   0.456, 0.17
6055205, 1028, 1.032,   1.032, 0.0487
6068069, 1029, 9.812,   9.812, 0.326
6069274, 1030, 0.324,   0.324, 0.15
6090605, 1031, 5.204,   5.204, 0.166
6098558, 1032, 2.024,   2.024, 0.107
6098755, 1033, 4.28,   4.28, 0.0565
6104337, 1034, 0.564,   0.564, 0.283
6114686, 1035, 5.96,   5.96, 0.115
6116527, 1036, 11.59,   11.59, 0.47
6122244, 1037, 8.904,   8.904, 0.427
6123873, 1038, 3.996,   3.996, 0.31
6126689, 1039, 3.436,   3.436, 0.267
6128175, 1040, 0.752,   0.752, 0.326
6132928, 1041, 4.928,   4.928, 0.896
6139630, 1042, 0.468,   0.468, 0.0721
6174336, 1043, 1.252,   1.252, 0.0565
6182925, 1044, 0.52,   0.52, 0.0526
6183112, 1045, 8.268,   8.268, 0.0721
6193194, 1046, 1.004,   1.004, 0.232
6210600, 1047, 9.088,   9.088, 0.0526
6211454, 1048, 7.328,   7.328, 0.275
6216373, 1049, 3.188,   3.188, 0.0877
6219382, 1050, 7.108,   7.108, 0.181
6241360, 1051, 1.808,   1.808, 0.17
6246933, 1052, 0.312,   0.312, 0.0721
6248692, 1053, 2.872,   2.872, 0.0565
6251651, 1054, 2.072,   2.072, 0.0526
6259393, 1055, 1.232,   1.232, 0.0487
6260783, 1056, 1.236,   1.236, 0.0643
6269923, 1057, 7.828,   7.828, 0.217
6273336, 1058, 2.856,   2.856, 0.427
6283616, 1059, 4.372,   4.372, 0.0604
6287761, 1060, 1.324,   1.324, 0.0487
6287996, 1061, 1.14,   1.14, 0.33
6304107, 1062, 2.332,   2.332, 0.154
6309371, 1063, 0.512,   0.512, 0.505
6313091, 1064, 1.052,   1.052, 0.0643
6325906, 1065, 3.828,   3.828, 0.166
6329523, 1066, 5.6,   5.6, 0.131
6336909, 1067, 0.76,   0.76, 0.185
6339206, 1068, 0.944,   0.944, 0.0487
6343614, 1069, 1.268,   1.268, 0.0448
6343789, 1070, 2.664,   2.664, 0.0916
6350765, 1071, 1.404,   1.404, 0.127
6354856, 1072, 1.42,   1.42, 0.138
6365875, 1073, 1.596,   1.596, 0.0604
6366088, 1074, 2.256,   2.256, 0.22
6374290, 1075, 2.708,   2.708, 0.259
6376017, 1076, 0.656,   0.656, 0.119
6386101, 1077, 13.83,   13.83, 0.209
6388803, 1078, 0.252,   0.252, 0.0604
6395820, 1079, 3.696,   3.696, 0.0721
6396047, 1080, 1.056,   1.056, 0.427
6400815, 1081, 1.64,   1.64, 0.217

# Run Summary: started 180403-2005  Trun=1623453.2s  
#             Ntrig=6517345   Tlife=1574187.2s
#             Nacc=6403821 Ndble=1881
